File for chemical species RACM (name and molar mass)
# gaseous species # aqueous species
31        14
---Gas-phase----    SR  DD  WD  PS  FT TRANSP HSTAR   F0  DIF UV     DVJ            DHR      AK0       DAK
O3            48.    0   1   1   0   0   1    1.10E-2 1.0 1.6 02    0.1750000	     2400.  0.00E+00	  0.
H2             2.    0   1   1   0   0   1    7.80E-4 0.0 0.0 00    0.7070000         500.  0.00E+00      0. 
H2O2          34.    0   1   1   0   0   1    8.30E+4 1.0 1.4 07    0.1710000	     7400.  2.20E-12  -3700. 
NO            30.    0   1   1   0   0   1    1.90E-3 0.0 1.3 04    0.1830000	     1400.  0.00E+00	  0. 
NO2           46.    0   1   1   0   0   1    1.20E-2 0.1 1.6 09    0.1470000	     2500.  0.00E+00	  0. 
NO3           62.    0   1   1   0   0   1    1.8E+00 0.0 0.0 10    0.1270000	     2000.  0.00E+00	  0. 
N2O5         108.    0   1   1   0   0   1    1.0E+10 0.0 0.0 11    0.1100000	     3400.  0.00E+00	  0. 
HONO          47.    0   1   1   0   0   1    5.00E+1 0.0 0.0 00    0.1530000	     4900.  7.10E-04	  0. 
HNO3          63.    0   1   1   0   0   1    2.10E+5 0.0 1.9 13    0.1260000	     8700.  1.54E+01	  0. 
HNO4          79.    0   1   1   0   0   1    1.20E+4 0.0 0.0 14    0.1130000	     6900.  0.00E+00	  0. 
CO            28.    0   1   1   0   0   1    9.90E-4 0.0 0.0 00    0.1890000	     1300.  0.00E+00	  0. 
O3P           16.    0   0   0   0   0   1    0.00E+0 0.0 0.0 00    0.2500000	     0.     0.00E+00	  0. 
O1D           16.    0   0   0   0   0   1    0.00E+0 0.0 0.0 00    0.2500000	     0.     0.00E+00	  0. 
HO            17.    0   1   1   0   0   1    3.00E+1 0.0 0.0 00    0.2430000	     4500.  0.00E+00	  0. 
HO2           33.    0   1   1   0   0   1    5.70E+3 0.0 0.0 00    0.1740000	     5900.  3.50E-05	  0. 
CH4           16.    0   1   1   0   0   1    1.40E-3 0.0 0.0 00    0.2500000	     1600.  0.00E+00	  0. 
HCHO          30.    0   1   1   0   0   1    3.20E+3 0.0 1.3 00    0.1830000	     6800.  0.00E+00	  0. 
OP1           48.    0   1   1   0   0   1    3.10E+2 0.1 1.6 00    0.1440000	     5200.  0.00E+00	  0. 
MO2           47.    0   1   0   0   0   1    2.00E+3 0.0 0.0 00    0.1458650	     6600.  0.00E+00	  0. 
CL            35.5   0   0   0   0   0   1    0.0E+00 0.0 0.0 00    0.1680000        0.     0.00E+00      0.
HCL           36.5   0   0   0   0   0   1    2.10E+4 0.0 0.0 00    0.1660000        8700.  1.54E+01      0.
CLO           51.5   0   0   0   0   0   1    0.0E+00 0.0 0.0 00    0.1390000        0.0    0.00E+00      0.
CLN3          97.5   0   0   0   0   0   1    0.0E+00 0.0 0.0 00    0.1010000        0.0    0.00E+00      0.
HOCL          52.5   0   0   0   0   0   1    1.20E+4 0.0 0.0 00    0.1380000        6900.  0.00E+00      0.
CLO2          92.    0   0   0   0   0   1    0.0E+00 0.0 0.0 00    0.1040000        0.0    0.00E+00      0.
CL2           71.    0   0   0   0   0   1    0.0E+00 0.0 0.0 00    0.1190000        0.0    0.00E+00      0.
BRO           96.    0   0   0   0   0   1    0.0E+00 0.0 0.0 00    0.1020000        0.0    0.00E+00      0.
BR            80.    0   0   0   0   0   1    0.0E+00 0.0 0.0 00    0.1120000        0.0    0.00E+00      0.
HBR           81.    0   0   0   0   0   1    2.10E+4 0.0 0.0 00    0.1110000        8700.  1.54E+01      0.
BRN3         142.    0   0   0   0   0   1    0.0E+00 0.0 0.0 00    0.0839000        0.0    0.00E+00      0.
HOBR          97.    0   0   0   0   0   1    1.20E+4 0.0 0.0 00    0.1020000        6900.  0.00E+00      0.
--aqueous-phase--- acco
O3                5.3E-4      
H2O2              2.0E-1  
HONO              5.0E-2        
HNO3              2.0E-1   
HNO4              2.0E-1   
HO                5.0E-2         
HO2               2.0E-1   
HCHO              2.0E-1   
OP1               5.0E-2  
MO2               2.0E-1             
HCL               2.0E-1
HOCL              2.0E-1
HBR               2.0E-1
HOBR              2.0E-1
! ClONO2 ->CLN3; ClNO2 ->CLN2; Cl2O2 ->CLO2; BrONO2 ->BRN3
!  




