File for chemical species RACM (name and molar mass)
# gaseous species # aqueous species
72        0
---Gas-phase----    SR  DD  WD  PS  FT TRANSP HSTAR   F0  DIF UV     DVJ            DHR      AK0       DAK
O3            48.    0   1   1   1   0   1    1.10E-2 1.0 1.6 02    0.1750000	     2400.  0.00E+00	  0. 
H2O2          34.    0   1   1   0   0   1    8.30E+4 1.0 1.4 07    0.1710000	     7400.  2.20E-12  -3700. 
NO            30.    1   1   1   1   1   1    1.90E-3 0.0 1.3 04    0.1830000	     1400.  0.00E+00	  0. 
NO2           46.    1   1   1   1   0   1    1.20E-2 0.1 1.6 09    0.1470000	     2500.  0.00E+00	  0. 
NO3           62.    0   1   1   0   0   1    1.8E+00 0.0 0.0 10    0.1270000	     2000.  0.00E+00	  0. 
N2O5         108.    0   1   1   0   0   1    1.0E+10 0.0 0.0 11    0.1100000	     3400.  0.00E+00	  0. 
HONO          47.    0   1   1   0   0   1    5.00E+1 0.0 0.0 00    0.1530000	     4900.  7.10E-04	  0. 
HNO3          63.    0   1   1   1   0   1    2.10E+5 0.0 1.9 13    0.1260000	     8700.  1.54E+01	  0. 
HNO4          79.    0   1   1   0   0   1    1.20E+4 0.0 0.0 14    0.1130000	     6900.  0.00E+00	  0. 
SO2           64.    1   1   1   1   0   1    1.40E+0 0.0 1.9 00    0.1260000	     2900.  1.30E-02   2000. 
SULF          98.    0   1   1   0   0   1    7.00E+1 0.0 0.0 00    0.1010153	     0.     1.00E-02	  0. 
CO            28.    1   1   1   1   1   1    9.90E-4 0.0 0.0 00    0.1890000	     1300.  0.00E+00	  0. 
O3P           16.    0   0   0   0   0   0    0.00E+0 0.0 0.0 00    0.2500000	     0.     0.00E+00	  0. 
O1D           16.    0   0   0   0   0   0    0.00E+0 0.0 0.0 00    0.2500000	     0.     0.00E+00	  0. 
HO            17.    0   1   1   0   0   1    3.00E+1 0.0 0.0 00    0.2430000	     4500.  0.00E+00	  0. 
HO2           33.    0   1   1   0   0   1    5.70E+3 0.0 0.0 00    0.1740000	     5900.  3.50E-05	  0. 
CH4           16.    1   1   1   1   1   1    1.40E-3 0.0 0.0 00    0.2500000	     1600.  0.00E+00	  0. 
ETH           30.    1   1   1   1   1   1    1.90E-3 0.0 0.0 00    0.1830000	     2300.  0.00E+00	  0. 
HC3           44.    1   1   1   1   1   1    1.10E-3 0.0 0.0 00    0.1510000	     2800.  0.00E+00	  0. 
HC5           72.    1   1   1   1   1   1    1.00E-3 0.0 0.0 00    0.1180000	     7500.  0.00E+00	  0. 
HC8          114.    1   1   1   1   1   1    2.00E-3 0.0 0.0 00    9.3999997E-02    6250.  0.00E+00	  0. 
ETE           28.    1   1   1   1   1   1    4.70E-3 0.0 0.0 00    0.1889822	     1800.  0.00E+00	  0. 
OLT           42.    1   1   1   1   1   1    8.50E-3 0.0 0.0 00    0.1540000	     4000.  0.00E+00	  0. 
OLI           68.    1   1   1   1   1   1    4.40E-3 0.0 0.0 00    0.1210000	     4000.  0.00E+00	  0. 
DIEN          54.    1   1   1   1   1   1    1.40E-2 0.0 0.0 00    0.1360828	     4500.  0.00E+00	  0. 
ISO           68.    1   1   1   1   1   1    2.80E-2 0.0 0.0 00    0.1210000	     4500.  0.00E+00	  0. 
API          136.    1   1   1   1   1   1    4.90E-2 0.0 0.0 00    8.5749298E-02    4500.  0.00E+00	  0. 
LIM          136.    1   1   1   1   1   1    1.13E-2 0.0 0.0 00    8.5749298E-02    4500.  0.00E+00	  0. 
TOL           92.    1   1   1   1   1   1    1.50E-1 0.0 0.0 00    0.1040000	     4000.  0.00E+00	  0. 
XYL          106.    1   1   1   1   1   1    1.50E-1 0.0 0.0 00    9.7000003E-02    4000.  0.00E+00	  0. 
CSL          108.    1   1   1   1   1   1    8.20E+2 0.0 0.0 00    9.6000001E-02    5800.  1.50E-10	  0. 
HCHO          30.    1   1   1   1   1   1    3.20E+3 0.0 1.3 00    0.1830000	     6800.  0.00E+00	  0. 
ALD           44.    1   1   1   1   1   1    1.40E+1 0.0 1.6 00    0.1510000	     5600.  0.00E+00	  0. 
KET           72.    1   1   1   1   1   1    2.50E+1 0.0 0.0 00    0.1180000	     4800.  0.00E+00	  0. 
GLY           58.    0   1   1   1   0   1    3.60E+5 0.0 0.0 00    0.1310000	     7500.  0.00E+00	  0. 
MGLY          72.    0   1   1   1   0   1    3.20E+4 0.0 0.0 00    0.1180000	     7500.  0.00E+00	  0. 
DCB           87.    0   1   1   1   0   1    1.40E+6 0.0 0.0 00    0.1070000	     0.     0.00E+00	  0. 
MACR          70.    0   1   1   1   1   1    6.50E+0 0.0 0.0 00    0.1195229	     5300.  0.00E+00	  0. 
UDD          119.    0   1   1   0   0   1    0.00E+0 0.0 0.0 00    9.1669850E-02    0.     0.00E+00	  0. 
HKET          74.    0   1   1   0   0   1    0.00E+0 0.0 0.0 00    0.1162476	     0.     0.00E+00	  0. 
ONIT         119.    0   1   1   0   0   1    1.00E+0 0.0 0.0 00    9.2000000E-02    5800.  0.00E+00	  0. 
PAN          121.    0   1   1   1   0   1    3.50E+0 0.1 2.6 49    9.0999998E-02    6500.  0.00E+00	  0. 
TPAN         147.    0   1   1   0   0   1    1.70E+0 0.0 0.0 00    8.2000002E-02    6500.  0.00E+00	  0. 
OP1           48.    0   1   1   0   0   1    3.10E+2 0.1 1.6 00    0.1440000	     5200.  0.00E+00	  0. 
OP2           62.    0   1   1   0   0   1    3.40E+2 0.1 1.6 00    0.1270000	     6000.  0.00E+00	  0. 
PAA           76.    0   1   1   0   0   1    8.40E+2 0.1 2.0 00    0.1150000	     5300.  0.00E+00	  0. 
ORA1          46.    1   1   1   0   1   1    5.40E+3 0.0 1.6 00    0.1530000	     5700.  1.80E-04  -1500. 
ORA2          60.    1   1   1   0   1   1    5.50E+3 0.0 1.6 00    0.1240000	     6300.  1.75E-05	  0. 
MO2           47.    0   0   0   0   0   0    2.00E+3 0.0 0.0 00    0.1458650	     6600.  0.00E+00	  0. 
ETHP          61.    0   0   0   0   0   0    0.0E+00 0.0 0.0 00    0.1280369	     0.     0.00E+00	  0. 
HC3P          75.    0   0   0   0   0   0    0.0E+00 0.0 0.0 00    0.1154700	     0.     0.00E+00	  0. 
HC5P         103.    0   0   0   0   0   0    0.0E+00 0.0 0.0 00    9.8532930E-02    0.     0.00E+00	  0. 
HC8P         145.    0   0   0   0   0   0    0.0E+00 0.0 0.0 00    8.3045483E-02    0.     0.00E+00	  0. 
ETEP          77.    0   0   0   0   0   0    0.0E+00 0.0 0.0 00    0.1139606	     0.     0.00E+00	  0. 
OLTP          91.    0   0   0   0   0   0    0.0E+00 0.0 0.0 00    0.1048285	     0.     0.00E+00	  0. 
OLIP         117.    0   0   0   0   0   0    0.0E+00 0.0 0.0 00    9.2450030E-02    0.     0.00E+00	  0. 
ISOP         117.    0   0   0   0   0   0    0.0E+00 0.0 0.0 00    9.2450030E-02    0.     0.00E+00	  0. 
APIP         185.    0   0   0   0   0   0    0.0E+00 0.0 0.0 00    7.3521458E-02    0.     0.00E+00	  0. 
LIMP         185.    0   0   0   0   0   0    0.0E+00 0.0 0.0 00    7.3521458E-02    0.     0.00E+00	  0. 
PHO          107.    0   0   0   0   0   0    0.0E+00 0.0 0.0 00    9.6673653E-02    0.     0.00E+00	  0. 
ADDT         109.    0   0   0   0   0   0    0.0E+00 0.0 0.0 00    9.5782630E-02    0.     0.00E+00	  0. 
ADDX         123.    0   0   0   0   0   0    0.0E+00 0.0 0.0 00    9.0166964E-02    0.     0.00E+00	  0. 
ADDC         125.    0   0   0   0   0   0    0.0E+00 0.0 0.0 00    8.9442722E-02    0.     0.00E+00	  0. 
TOLP         141.    0   0   0   0   0   0    0.0E+00 0.0 0.0 00    8.4215194E-02    0.     0.00E+00	  0. 
XYLP         155.    0   0   0   0   0   0    0.0E+00 0.0 0.0 00    8.0321930E-02    0.     0.00E+00	  0. 
CSLP         157.    0   0   0   0   0   0    0.0E+00 0.0 0.0 00    7.9808690E-02    0.     0.00E+00	  0. 
ACO3          75.    0   1   1   0   0   1    1.14E+1 0.0 0.0 00    0.1150000	     6266.  0.00E+00	  0. 
TCO3         115.    0   0   0   0   0   0    0.0E+00 0.0 0.0 00    9.3250483E-02    0.     0.00E+00	  0. 
KETP         103.    0   0   0   0   0   0    0.0E+00 0.0 0.0 00    9.8532930E-02    0.     0.00E+00	  0. 
OLNN         136.    0   0   0   0   0   0    0.0E+00 0.0 0.0 00    8.5749298E-02    0.     0.00E+00	  0. 
OLND         136.    0   0   0   0   0   0    0.0E+00 0.0 0.0 00    8.5749298E-02    0.     0.00E+00	  0. 
XO2           44.    0   0   0   0   0   0    0.0E+00 0.0 0.0 00    0.1507557	     0.     0.00E+00	  0. 

! DMS is not in the mechanism. ORA1, ORA2 and SULF are only products. 
! CO2 only products : not taken into account.
!
! Differences with ciRADM: 
! in RADM: OL2, OL2P, OLN, XNO2
! in RACM: ETE, DIEN, API, MACR, UDD, HKET, ETEP, ISOP, APIP, LIMP, PHO,
!          ADDT, ADDX, ADDC, CSLP, OLNN, OLND, LIM.
! Actually: ETE = OL2 and ETEP = OL2P



