File for chemical species RELACS (name and molar mass)
# gaseous species # aqueous species
47        0
---Gas-phase----    SR  DD  WD  PS  FT TRANSP HSTAR   F0  DIF UV     DVJ            DHR      AK0       DAK      Matrix
O3            48.    0   1   1   1   0   1    1.10E-2 1.0 1.6 00    0.1443400        2400.  0.00E+00      0.    0
H2O2          34.    0   1   1   0   0   1    8.30E+4 1.0 1.4 00    0.1715000        7400.  2.20E-12  -3700.    0
NO            30.    1   1   1   1   1   1    1.90E-3 0.0 1.3 00    0.1825700        1400.  0.00E+00      0.    0
NO2           46.    1   1   1   1   1   1    1.20E-2 0.1 1.6 00    0.1474400        2500.  0.00E+00      0.    0
NO3           62.    0   1   1   0   0   1    6.1E-01 0.0 1.9 00    0.1270000        2000.  0.00E+00      0.    0
N2O5         108.    0   1   1   0   0   1    2.1E+00 0.0 2.4 00    0.0962300        3400.  0.00E+00      0.    0
HONO          47.    0   1   1   0   0   1    5.00E+1 0.0 1.6 00    0.1458600        4900.  7.10E-04      0.    0
HNO3          63.    0   1   1   1   0   1    2.10E+5 0.0 1.9 00    0.1259900        8700.  1.54E+01      0.    2
HNO4          79.    0   1   1   0   0   1    1.20E+4 0.0 2.1 00    0.1125100        6900.  0.00E+00      0.    0
SO2           64.    1   1   1   0   0   1    1.40E+0 0.0 1.9 00    0.1250000        2900.  1.30E-02   2000.    0
SULF          98.    0   1   1   0   0   1    2.10E+5 0.0 2.3 00    0.1010200        0.     1.00E-02      0.    1
CO            28.    1   1   1   1   1   1    9.90E-4 0.0 1.2 00    0.1889800        1300.  0.00E+00      0.    0
CO2           44.    0   0   0   0   0   0    3.6E-02 0.0 1.6 00    0.1507600        2200.  4.50E-07  -1000.    0
N2            28.    0   0   0   0   0   0    6.1E-04 0.0 1.2 00    0.1889800        1300.  0.00E+00      0.    0
O2            32.    0   0   0   0   0   0    1.3E-03 0.0 1.3 00    0.1767800        1500.  0.00E+00      0.    0
H2O           18.    0   0   0   0   0   0    0.0E+00 0.0 1.0 00    0.2357000        0.     0.00E+00      0.    0
H2             2.    0   0   0   0   0   0    7.8E-04 0.0 0.3 00    0.7071100         500.  0.00E+00      0.    0
O3P           16.    0   0   0   0   0   0    0.00E+0 0.0 0.9 00    0.2500000        0.     0.00E+00      0.    0
O1D           16.    0   0   0   0   0   0    0.00E+0 0.0 0.9 00    0.2500000        0.     0.00E+00      0.    0
HO            17.    0   1   1   0   0   1    3.00E+1 0.0 1.0 00    0.2425400        4500.  0.00E+00      0.    0
HO2           33.    0   1   1   0   0   1    5.70E+3 0.0 1.4 00    0.1740800        5900.  3.50E-05      0.    0
CH4           16.    1   1   1   1   1   1    1.40E-3 0.0 0.9 00    0.2500000        1600.  0.00E+00      0.    0
ETH           30.    1   1   1   1   1   1    1.90E-3 0.0 1.3 00    0.1825700        2300.  0.00E+00      0.    0
ALKA        61.65    1   1   1   1   1   1    1.00E-3 0.0 1.9 00    0.1273600        2700.  0.00E+00      0.    0
ALKE       33.065    1   1   1   1   1   1    5.00E-3 0.0 1.4 00    0.1739100        3000.  0.00E+00      0.    0
BIO           68.    1   1   1   1   1   1    2.80E-2 0.0 1.9 00    0.1212700        0.     0.00E+00      0.    0
ARO          97.9    1   1   1   1   1   1    1.73E-1 0.0 2.3 00    0.1010700        4045.  0.00E+00      0.    0
HCHO          30.    1   1   1   1   1   1    3.20E+3 0.0 1.3 00    0.1825700        6800.  0.00E+00      0.    0
ALD           44.    1   1   1   1   1   1    1.40E+1 0.0 1.6 00    0.1507600        5600.  0.00E+00      0.    0
KET           72.    1   1   1   1   1   1    3.00E+1 0.0 2.0 00    0.1178500        4600.  0.00E+00      0.    0
CRBO        68.68    0   1   1   1   0   1    2.1E+05 0.0 2.0 00    0.1206700        5300.  0.00E+00      0.    0
ONIT         119.    0   1   1   0   0   1    1.00E+0 0.0 2.6 00    0.0916700        5800.  0.00E+00      0.    0
PAN        122.83    0   1   1   1   0   1    3.60E+0 0.1 2.6 00    0.0902300        6500.  0.00E+00      0.    0
OP1           48.    0   1   1   0   0   1    3.10E+2 0.1 1.6 00    0.1443400        5200.  0.00E+00      0.    0
OP2           62.    0   1   1   0   0   1    3.40E+2 0.1 1.9 00    0.1258400        6000.  0.00E+00      0.    0
ORA1          46.    1   1   1   0   1   1    8.90E+3 0.0 1.6 00    0.1474400        5700.  1.80E-04  -1500.    0
ORA2          60.    1   1   1   0   1   1    4.10E+3 0.0 1.8 00    0.1291000        6300.  1.75E-05      0.    0
MO2           47.    0   0   0   0   0   0    2.00E+3 0.0 1.6 00    0.1458600        6600.  0.00E+00      0.    0
AKAP       102.68    0   0   0   0   0   0    0.0E+00 0.0 2.4 00    0.0986900        0.     0.00E+00      0.    0
AKEP        88.47    0   0   0   0   0   0    0.0E+00 0.0 2.2 00    0.1063200        0.     0.00E+00      0.    0
BIOP         117.    0   0   0   0   0   0    0.0E+00 0.0 2.5 00    0.0924500        0.     0.00E+00      0.    0
PHO          107.    0   0   0   0   0   0    0.0E+00 0.0 2.4 00    0.0966700        0.     0.00E+00      0.    0
ADD         107.1    0   0   0   0   0   0    0.0E+00 0.0 2.4 00    0.0966300        0.     0.00E+00      0.    0
AROP       151.61    0   0   0   0   0   0    0.0E+00 0.0 2.9 00    0.0812100        0.     0.00E+00      0.    0
CBOP         85.4    0   0   0   0   0   0    1.14E+1 0.0 2.2 00    0.1080100        0.     0.00E+00      0.    0
OLN          136.    0   0   0   0   0   0    0.0E+00 0.0 2.7 00    0.0857500        0.     0.00E+00      0.    0
XO2           44.    0   0   0   0   0   0    0.0E+00 0.0 1.6 00    0.1507600        0.     0.00E+00      0.    0






